date,time,open price,high price,low price,close price,volume,adjusted price
20140129,0,7.37,7.5,6.95,7.25,308100,7.25
20140128,0,6.94,7.5,6.92,7.44,402400,7.44
20140127,0,7.29,7.34,6.75,6.93,567600,6.93
20140124,0,7.86,7.86,7.29,7.34,444500,7.34
20140123,0,7.75,8.2,7.38,7.79,454300,7.79
20140122,0,7.28,8.17,7.28,8.01,1065600,8.01
20140121,0,7.07,7.4,6.82,7.25,597100,7.25
20140117,0,7.3,7.65,7.03,7.06,504000,7.06
20140116,0,7.36,7.36,7.02,7.24,617500,7.24
20140115,0,6.17,7.44,5.91,7.18,3091600,7.18
20140114,0,5.98,6.2,5.96,6.05,113800,6.05
20140113,0,6.49,6.5,5.9,5.97,519200,5.97
20140110,0,6.53,6.53,6.33,6.41,167200,6.41
20140109,0,6.4,6.54,6.25,6.52,313000,6.52
20140108,0,6.71,6.88,6.41,6.42,272800,6.42
20140107,0,6.43,6.9,6.41,6.55,437200,6.55
20140106,0,6.09,6.61,5.85,6.4,838800,6.4
20140103,0,7.01,7.26,6.39,6.51,4217900,6.51
20140102,0,6.31,6.47,5.4,5.53,1668800,5.53
20131231,0,5.51,6.45,5.3,6.29,2084200,6.29
20131230,0,5.17,5.59,4.95,5.51,1005300,5.51
20131227,0,5,5.55,4.91,5,1003900,5
20131226,0,4.31,5,4.31,4.98,503900,4.98
20131224,0,4.32,4.32,4.25,4.31,27400,4.31
20131223,0,4.48,4.5,4.26,4.3,90700,4.3
20131220,0,4.51,4.6,4.34,4.4,124800,4.4
20131219,0,4,4.51,4,4.46,253100,4.46
20131218,0,3.93,4.22,3.93,4.06,87700,4.06
20131217,0,3.86,3.95,3.83,3.89,75100,3.89
20131216,0,3.98,4.07,3.85,3.93,83700,3.93
20131213,0,3.96,4.2,3.95,4.01,77400,4.01
20131212,0,3.75,4.1,3.73,3.98,107300,3.98
20131211,0,4.07,4.14,3.75,3.75,330800,3.75
20131210,0,4.51,4.62,4.15,4.19,411400,4.19
20131209,0,4.87,4.94,4.55,4.63,192800,4.63
20131206,0,4.81,4.9,4.65,4.76,186700,4.76
20131205,0,4.76,5.07,4.64,4.78,418000,4.78
20131204,0,4.37,5.07,4.35,4.71,763100,4.71
20131203,0,4.06,4.5,4.06,4.33,307900,4.33
20131202,0,4.1,4.49,3.91,4.13,542000,4.13
20131129,0,3.68,4.16,3.62,4.03,526200,4.03
20131127,0,3.53,3.6,3.53,3.58,60100,3.58
20131126,0,3.5,3.66,3.48,3.55,97900,3.55
20131125,0,3.51,3.7,3.45,3.53,104200,3.53
20131122,0,3.52,3.77,3.52,3.56,196500,3.56
20131121,0,3.37,3.55,3.3,3.48,119500,3.48
20131120,0,3.21,3.58,3.21,3.34,285900,3.34
20131119,0,3.11,3.78,3.05,3.4,1023900,3.4
20131118,0,2.8,3.56,2.8,3.32,1125000,3.32
20131115,0,2.68,2.83,2.68,2.77,104700,2.77
20131114,0,2.72,2.73,2.6,2.65,59000,2.65
20131113,0,2.74,2.76,2.65,2.72,139000,2.72
20131112,0,2.8,2.84,2.72,2.78,88600,2.78
20131111,0,2.79,2.82,2.75,2.81,49900,2.81
20131108,0,2.64,2.75,2.62,2.74,87100,2.74
20131107,0,2.48,2.64,2.48,2.59,102200,2.59
20131106,0,2.59,2.59,2.46,2.49,51600,2.49
20131105,0,2.52,2.62,2.52,2.57,44200,2.57
20131104,0,2.59,2.59,2.47,2.56,59300,2.56
20131101,0,2.51,2.59,2.48,2.55,58600,2.55
20131031,0,2.46,2.64,2.46,2.51,93000,2.51
20131030,0,2.51,2.57,2.42,2.46,21000,2.46
20131029,0,2.38,2.56,2.35,2.5,82900,2.5
20131028,0,2.53,2.57,2.35,2.38,140800,2.38
20131025,0,2.66,2.75,2.51,2.55,227200,2.55
20131024,0,2.72,2.87,2.6,2.71,118900,2.71
20131023,0,2.68,2.71,2.55,2.68,88600,2.68
20131022,0,2.8,2.8,2.55,2.76,360000,2.76
20131021,0,2.9,2.92,2.65,2.8,136500,2.8
20131018,0,2.96,2.99,2.86,2.9,118100,2.9
20131017,0,3.11,3.17,2.85,2.85,187400,2.85
20131016,0,3.29,3.29,2.95,3.09,399600,3.09
20131015,0,2.62,3.27,2.5,3.01,1165400,3.01
20131014,0,2.9,3.02,2.68,2.74,424500,2.74
20131011,0,2.78,3.08,2.73,2.94,741500,2.94
20131010,0,2.56,2.76,2.56,2.73,348700,2.73
20131009,0,2.55,2.8,2.5,2.59,428200,2.59
20131008,0,3.07,3.1,2.28,2.46,613900,2.46
20131007,0,2.24,3.33,2.19,2.9,765900,2.9
20131004,0,1.91,2.2,1.85,2.2,248000,2.2
20131003,0,1.88,1.94,1.85,1.88,65700,1.88
20131002,0,1.81,1.86,1.81,1.85,20000,1.85
20131001,0,1.84,1.86,1.8,1.81,6600,1.81
20130930,0,1.8,1.86,1.79,1.86,9400,1.86
20130927,0,1.79,1.84,1.78,1.84,1600,1.84
20130926,0,1.81,1.81,1.81,1.81,400,1.81
20130925,0,1.74,1.8,1.74,1.78,13600,1.78
20130924,0,1.87,1.87,1.71,1.76,25100,1.76
20130923,0,1.86,1.88,1.85,1.88,14500,1.88
20130920,0,1.87,1.88,1.82,1.82,3400,1.82
20130919,0,1.91,1.91,1.79,1.81,45400,1.81
20130918,0,1.85,1.91,1.83,1.85,27900,1.85
20130917,0,1.85,1.85,1.84,1.84,400,1.84
20130916,0,1.88,1.9,1.84,1.84,44900,1.84
20130913,0,1.9,1.95,1.86,1.91,19600,1.91
20130912,0,1.82,1.97,1.82,1.86,65900,1.86
20130911,0,1.82,1.82,1.78,1.78,6700,1.78
20130910,0,1.83,1.83,1.78,1.79,63900,1.79
20130909,0,1.78,1.9,1.78,1.88,65200,1.88
20130906,0,1.84,1.86,1.7,1.78,107500,1.78
20130905,0,1.7,1.85,1.7,1.8,85300,1.8
20130904,0,1.66,1.72,1.65,1.72,25300,1.72
20130903,0,1.61,1.62,1.61,1.61,5000,1.61
20130830,0,1.62,1.64,1.61,1.62,13200,1.62
20130829,0,1.62,1.65,1.62,1.64,2600,1.64
20130828,0,1.7,1.7,1.62,1.67,5500,1.67
20130827,0,1.7,1.72,1.63,1.71,52200,1.71
20130826,0,1.76,1.78,1.69,1.76,11000,1.76
20130823,0,1.65,1.85,1.63,1.78,41400,1.78
20130822,0,1.69,1.69,1.65,1.65,2400,1.65
20130821,0,1.82,1.82,1.67,1.69,87600,1.69
20130820,0,1.83,1.84,1.79,1.81,13000,1.81
20130819,0,1.8,1.96,1.7,1.84,125100,1.84
20130816,0,1.85,1.88,1.79,1.82,34800,1.82
20130815,0,1.88,1.88,1.8,1.84,123700,1.84
20130814,0,1.99,1.99,1.82,1.88,128300,1.88
20130813,0,1.65,2.1,1.62,2,456100,2
20130812,0,1.48,1.65,1.48,1.65,87400,1.65
20130809,0,1.51,1.51,1.48,1.48,17500,1.48
20130808,0,1.41,1.53,1.33,1.52,60800,1.52
20130807,0,1.44,1.48,1.39,1.41,23300,1.41
20130806,0,1.46,1.52,1.46,1.46,73200,1.46
20130805,0,1.35,1.47,1.32,1.46,59200,1.46
20130802,0,1.31,1.31,1.27,1.3,3900,1.3
20130801,0,1.28,1.3,1.25,1.3,28300,1.3
20130731,0,1.25,1.25,1.25,1.25,12400,1.25
20130730,0,1.26,1.26,1.25,1.25,900,1.25
20130729,0,1.28,1.3,1.25,1.25,6300,1.25
20130726,0,1.26,1.26,1.26,1.26,200,1.26
20130725,0,1.28,1.32,1.25,1.25,15100,1.25
20130724,0,1.31,1.32,1.28,1.28,13300,1.28
20130723,0,1.32,1.32,1.29,1.29,5200,1.29
20130722,0,1.31,1.33,1.28,1.29,26900,1.29
20130719,0,1.31,1.37,1.31,1.34,13500,1.34
20130718,0,1.34,1.34,1.33,1.33,500,1.33
20130717,0,1.25,1.36,1.25,1.36,50800,1.36
20130716,0,1.27,1.27,1.25,1.25,3300,1.25
20130715,0,1.25,1.25,1.25,1.25,1000,1.25
20130712,0,1.25,1.25,1.25,1.25,21600,1.25
20130711,0,1.21,1.3,1.2,1.26,80800,1.26
20130710,0,1.18,1.23,1.17,1.18,13900,1.18
20130709,0,1.14,1.15,1.14,1.15,2000,1.15
20130708,0,1.23,1.23,1.15,1.16,39200,1.16
20130705,0,1.22,1.26,1.22,1.24,9600,1.24
20130703,0,1.29,1.3,1.27,1.27,600,1.27
20130702,0,1.25,1.26,1.25,1.25,300,1.25
20130701,0,1.25,1.31,1.25,1.26,12400,1.26
20130628,0,1.22,1.25,1.22,1.25,700,1.25
20130627,0,1.25,1.26,1.23,1.26,3200,1.26
20130626,0,1.27,1.27,1.22,1.26,22500,1.26
20130625,0,1.29,1.31,1.27,1.28,18700,1.28
20130624,0,1.3,1.3,1.29,1.29,9700,1.29
20130621,0,1.32,1.34,1.3,1.31,21300,1.31
20130620,0,1.4,1.4,1.32,1.32,80600,1.32
20130619,0,1.44,1.45,1.4,1.41,15200,1.41
20130618,0,1.46,1.46,1.46,1.46,400,1.46
20130617,0,1.41,1.47,1.41,1.46,14800,1.46
20130614,0,1.43,1.44,1.4,1.41,27700,1.41
20130613,0,1.44,1.47,1.43,1.47,8600,1.47
20130612,0,1.43,1.48,1.43,1.45,6000,1.45
20130611,0,1.46,1.49,1.45,1.45,45800,1.45
20130610,0,1.56,1.57,1.43,1.46,37700,1.46
20130607,0,1.5,1.56,1.46,1.56,26200,1.56
20130606,0,1.54,1.54,1.47,1.47,4700,1.47
20130605,0,1.54,1.54,1.49,1.49,35100,1.49
20130604,0,1.54,1.54,1.52,1.54,41500,1.54
20130603,0,1.51,1.54,1.51,1.54,1900,1.54
20130531,0,1.52,1.54,1.52,1.52,93800,1.52
20130530,0,1.54,1.54,1.49,1.54,2000,1.54
20130529,0,1.49,1.55,1.47,1.54,10200,1.54
20130528,0,1.6,1.6,1.43,1.53,28800,1.53
20130524,0,1.62,1.62,1.52,1.54,12700,1.54
20130523,0,1.4,1.74,1.4,1.62,104900,1.62
20130522,0,1.4,1.44,1.4,1.43,12600,1.43
20130521,0,1.4,1.43,1.37,1.42,72400,1.42
20130520,0,1.33,1.41,1.33,1.41,45200,1.41
20130517,0,1.35,1.4,1.35,1.4,145400,1.4
20130516,0,1.39,1.4,1.34,1.34,34600,1.34
20130515,0,1.35,1.36,1.34,1.36,10100,1.36
20130514,0,1.31,1.34,1.31,1.34,20900,1.34
20130513,0,1.31,1.31,1.31,1.31,500,1.31
20130510,0,1.35,1.35,1.31,1.31,5300,1.31
20130509,0,1.32,1.32,1.32,1.32,0,1.32
20130508,0,1.34,1.35,1.31,1.32,5300,1.32
20130507,0,1.3,1.33,1.29,1.32,20000,1.32
20130506,0,1.27,1.31,1.25,1.25,11200,1.25
20130503,0,1.33,1.33,1.28,1.28,2200,1.28
20130502,0,1.36,1.36,1.3,1.3,3200,1.3
20130501,0,1.35,1.38,1.35,1.35,2200,1.35
20130430,0,1.34,1.45,1.34,1.36,45200,1.36
20130429,0,1.35,1.38,1.32,1.32,42600,1.32
20130426,0,1.33,1.33,1.32,1.32,1200,1.32
20130425,0,1.37,1.37,1.33,1.35,11500,1.35
20130424,0,1.37,1.37,1.35,1.37,26600,1.37
20130423,0,1.37,1.37,1.36,1.37,1800,1.37
20130422,0,1.38,1.38,1.31,1.33,2600,1.33
20130419,0,1.36,1.46,1.35,1.46,22900,1.46
20130418,0,1.35,1.36,1.32,1.35,11600,1.35
20130417,0,1.33,1.35,1.31,1.32,7600,1.32
20130416,0,1.26,1.37,1.26,1.34,54400,1.34
20130415,0,1.34,1.35,1.24,1.29,39700,1.29
20130412,0,1.25,1.35,1.25,1.35,71000,1.35
20130411,0,1.35,1.39,1.35,1.36,4000,1.36
20130410,0,1.32,1.4,1.32,1.35,22500,1.35
20130409,0,1.35,1.38,1.35,1.35,23600,1.35
20130408,0,1.35,1.37,1.35,1.35,2900,1.35
20130405,0,1.32,1.36,1.32,1.34,24400,1.34
20130404,0,1.33,1.37,1.33,1.35,12100,1.35
20130403,0,1.35,1.37,1.32,1.37,26300,1.37
20130402,0,1.31,1.36,1.31,1.36,6900,1.36
20130401,0,1.35,1.36,1.33,1.33,12500,1.33
20130328,0,1.35,1.36,1.35,1.35,28000,1.35
20130327,0,1.31,1.35,1.31,1.35,11600,1.35
20130326,0,1.35,1.35,1.35,1.35,9400,1.35
20130325,0,1.35,1.43,1.35,1.36,3500,1.36
20130322,0,1.35,1.35,1.35,1.35,3400,1.35
20130321,0,1.35,1.35,1.35,1.35,1200,1.35
20130320,0,1.35,1.35,1.32,1.32,10200,1.32
20130319,0,1.35,1.37,1.31,1.37,17500,1.37
20130318,0,1.35,1.37,1.35,1.35,4000,1.35
20130315,0,1.36,1.37,1.32,1.32,22200,1.32
20130314,0,1.37,1.39,1.35,1.35,33600,1.35
20130313,0,1.38,1.38,1.38,1.38,1600,1.38
20130312,0,1.37,1.37,1.36,1.37,2500,1.37
20130311,0,1.36,1.41,1.35,1.38,7900,1.38
20130308,0,1.36,1.4,1.36,1.36,2800,1.36
20130307,0,1.39,1.4,1.36,1.36,3200,1.36
20130306,0,1.35,1.38,1.35,1.35,15600,1.35
20130305,0,1.42,1.42,1.35,1.35,14300,1.35
20130304,0,1.43,1.43,1.37,1.37,14700,1.37
20130301,0,1.45,1.45,1.43,1.44,7800,1.44
20130228,0,1.5,1.5,1.46,1.46,6900,1.46
20130227,0,1.44,1.48,1.44,1.48,3100,1.48
20130226,0,1.43,1.5,1.39,1.43,32000,1.43
20130225,0,1.49,1.49,1.39,1.44,42700,1.44
20130222,0,1.35,1.38,1.35,1.38,19300,1.38
20130221,0,1.35,1.39,1.35,1.39,33700,1.39
20130220,0,1.33,1.34,1.32,1.33,5500,1.33
20130219,0,1.34,1.38,1.33,1.34,18800,1.34
20130215,0,1.4,1.42,1.36,1.36,5900,1.36
20130214,0,1.36,1.41,1.36,1.41,4700,1.41
20130213,0,1.32,1.4,1.32,1.4,26700,1.4
20130212,0,1.36,1.4,1.33,1.33,23000,1.33
20130211,0,1.34,1.39,1.34,1.39,7700,1.39
20130208,0,1.34,1.4,1.34,1.4,7000,1.4
20130207,0,1.39,1.39,1.38,1.38,5100,1.38
20130206,0,1.38,1.4,1.38,1.38,11600,1.38
20130205,0,1.46,1.46,1.31,1.36,56000,1.36
20130204,0,1.44,1.51,1.44,1.46,14200,1.46
20130201,0,1.46,1.54,1.37,1.44,7500,1.44
20130131,0,1.47,1.5,1.45,1.5,15600,1.5
20130130,0,1.5,1.5,1.48,1.48,9600,1.48
20130129,0,1.53,1.53,1.5,1.5,11400,1.5
20130128,0,1.56,1.56,1.5,1.56,21400,1.56
20130125,0,1.55,1.56,1.5,1.55,19700,1.55
20130124,0,1.51,1.55,1.5,1.55,5500,1.55
20130123,0,1.54,1.55,1.5,1.55,12200,1.55
20130122,0,1.49,1.56,1.49,1.53,27400,1.53
20130118,0,1.51,1.53,1.51,1.52,23000,1.52
20130117,0,1.6,1.6,1.51,1.51,39700,1.51
20130116,0,1.57,1.6,1.53,1.6,40700,1.6
20130115,0,1.55,1.59,1.55,1.58,51100,1.58
20130114,0,1.49,1.55,1.49,1.55,75300,1.55
20130111,0,1.45,1.51,1.45,1.49,37000,1.49
20130110,0,1.41,1.49,1.41,1.48,27800,1.48
20130109,0,1.42,1.49,1.42,1.48,45100,1.48
20130108,0,1.5,1.5,1.41,1.45,59900,1.45
20130107,0,1.27,1.49,1.25,1.47,165500,1.47
20130104,0,1.25,1.29,1.16,1.27,69400,1.27
20130103,0,1.21,1.25,1.21,1.23,15000,1.23
20130102,0,1.17,1.25,1.16,1.25,66500,1.25
20121231,0,1.08,1.15,1.08,1.14,60400,1.14
20121228,0,1.11,1.13,1.08,1.08,23500,1.08
20121227,0,1.09,1.12,1.08,1.12,12900,1.12
20121226,0,1.1,1.1,1.09,1.1,4900,1.1
20121224,0,1.08,1.12,1.08,1.08,10900,1.08
20121221,0,1.08,1.1,1.08,1.1,25200,1.1
20121220,0,1.12,1.12,1.1,1.1,44300,1.1
20121219,0,1.12,1.15,1.1,1.11,118500,1.11
20121218,0,1.16,1.16,1.1,1.12,24900,1.12
20121217,0,1.21,1.25,1.15,1.16,25600,1.16
20121214,0,1.12,1.25,1.1,1.25,65600,1.25
20121213,0,1.14,1.15,1.14,1.14,20000,1.14
20121212,0,1.13,1.2,1.13,1.17,92400,1.17
20121211,0,1.08,1.11,1.08,1.1,18500,1.1
20121210,0,1.05,1.12,1.04,1.09,7800,1.09
20121207,0,1.08,1.09,1.05,1.08,4500,1.08
20121206,0,1.1,1.14,1.04,1.05,20300,1.05
20121205,0,1.06,1.15,1.04,1.1,88100,1.1
20121204,0,1.1,1.13,1.06,1.08,18300,1.08
20121203,0,1.13,1.13,1.1,1.1,700,1.1
20121130,0,1.09,1.15,1.09,1.15,8000,1.15
20121129,0,1.12,1.13,1.12,1.13,13800,1.13
20121128,0,1.13,1.13,1.07,1.08,4700,1.08
20121127,0,1.13,1.15,1.13,1.15,1700,1.15
20121126,0,1.1,1.13,1.1,1.12,5100,1.12
20121123,0,1.17,1.18,1.1,1.1,1200,1.1
20121121,0,1.14,1.18,1.12,1.17,14200,1.17
20121120,0,1.15,1.18,1.12,1.17,15700,1.17
20121119,0,1.16,1.19,1.1,1.13,8700,1.13
20121116,0,1.13,1.2,1.05,1.2,32700,1.2
20121115,0,1.18,1.18,1.1,1.12,7500,1.12
20121114,0,1.2,1.25,1.15,1.19,12600,1.19
20121113,0,1.18,1.23,1.18,1.2,10100,1.2
20121112,0,1.21,1.25,1.15,1.19,12400,1.19
20121109,0,1.22,1.25,1.1,1.24,89400,1.24
20121108,0,1.23,1.29,1.22,1.23,6400,1.23
20121107,0,1.25,1.29,1.25,1.25,10100,1.25
20121106,0,1.25,1.29,1.25,1.25,1700,1.25
20121105,0,1.25,1.3,1.25,1.29,1700,1.29
20121102,0,1.26,1.29,1.25,1.28,1500,1.28
20121101,0,1.2,1.3,1.2,1.27,4500,1.27
20121031,0,1.24,1.24,1.24,1.24,0,1.24
20121026,0,1.26,1.28,1.24,1.24,3600,1.24
20121025,0,1.26,1.31,1.26,1.28,12800,1.28
20121024,0,1.29,1.3,1.25,1.29,28200,1.29
20121023,0,1.23,1.3,1.23,1.28,6000,1.28
20121022,0,1.25,1.25,1.23,1.23,2600,1.23
20121019,0,1.27,1.28,1.25,1.26,2500,1.26
20121018,0,1.29,1.31,1.25,1.25,11600,1.25
20121017,0,1.25,1.31,1.25,1.27,17200,1.27
20121016,0,1.27,1.3,1.27,1.29,2800,1.29
20121015,0,1.26,1.3,1.26,1.29,7800,1.29
20121012,0,1.29,1.3,1.28,1.29,22300,1.29
20121011,0,1.22,1.29,1.22,1.29,24500,1.29
20121010,0,1.22,1.27,1.18,1.22,49800,1.22
20121009,0,1.22,1.26,1.21,1.25,15300,1.25
20121008,0,1.19,1.26,1.19,1.26,15700,1.26
20121005,0,1.24,1.29,1.23,1.26,45100,1.26
20121004,0,1.23,1.32,1.22,1.25,113700,1.25
20121003,0,1.24,1.25,1.15,1.23,2800,1.23
20121002,0,1.23,1.24,1.19,1.2,15300,1.2
20121001,0,1.23,1.27,1.17,1.23,11100,1.23
20120928,0,1.25,1.27,1.25,1.27,5700,1.27
20120927,0,1.22,1.26,1.19,1.26,9500,1.26
20120926,0,1.17,1.23,1.17,1.23,5500,1.23
20120925,0,1.21,1.24,1.17,1.18,11100,1.18
20120924,0,1.21,1.24,1.2,1.24,2900,1.24
20120921,0,1.27,1.27,1.21,1.21,6600,1.21
20120920,0,1.17,1.29,1.17,1.27,21100,1.27
20120919,0,1.15,1.2,1.15,1.17,23600,1.17
20120918,0,1.22,1.22,1.15,1.17,54300,1.17
20120917,0,1.3,1.31,1.22,1.22,17600,1.22
20120914,0,1.2,1.34,1.2,1.3,138600,1.3
20120913,0,1.27,1.27,1.25,1.27,25300,1.27
20120912,0,1.26,1.28,1.2,1.27,4400,1.27
20120911,0,1.19,1.3,1.19,1.28,18500,1.28
20120910,0,1.17,1.2,1.17,1.19,10300,1.19
20120907,0,1.1,1.2,1.1,1.2,36000,1.2
20120906,0,1.15,1.15,1.1,1.1,16300,1.1
20120905,0,1.06,1.16,1.06,1.1,8000,1.1
20120904,0,1.11,1.13,1.07,1.12,11300,1.12
20120831,0,1.19,1.19,1.02,1.05,107100,1.05
20120830,0,1.22,1.26,1.21,1.21,12600,1.21
20120829,0,1.2,1.22,1.17,1.22,11300,1.22
20120828,0,1.24,1.24,1.19,1.19,900,1.19
20120827,0,1.21,1.24,1.2,1.24,4700,1.24
20120824,0,1.19,1.24,1.19,1.2,8800,1.2
20120823,0,1.19,1.21,1.17,1.17,8600,1.17
20120822,0,1.22,1.25,1.19,1.19,10600,1.19
20120821,0,1.27,1.27,1.2,1.25,4200,1.25
20120820,0,1.3,1.31,1.27,1.27,12400,1.27
20120817,0,1.27,1.31,1.26,1.28,2600,1.28
20120816,0,1.24,1.31,1.24,1.3,3800,1.3
20120815,0,1.3,1.32,1.25,1.25,15500,1.25
20120814,0,1.3,1.31,1.27,1.27,5400,1.27
20120813,0,1.2,1.3,1.2,1.3,9200,1.3
20120810,0,1.23,1.25,1.18,1.24,11200,1.24
20120809,0,1.23,1.24,1.23,1.24,3700,1.24
20120808,0,1.22,1.22,1.2,1.2,3500,1.2
20120807,0,1.22,1.24,1.19,1.19,22500,1.19
20120806,0,1.2,1.24,1.19,1.24,29200,1.24
20120803,0,1.19,1.23,1.19,1.23,15600,1.23
20120802,0,1.18,1.19,1.1,1.16,16200,1.16
20120801,0,1.25,1.25,1.16,1.22,24700,1.22
20120731,0,1.17,1.3,1.17,1.24,33900,1.24
20120730,0,1.22,1.23,1.12,1.17,91900,1.17
20120727,0,1.23,1.3,1.22,1.22,32300,1.22
20120726,0,1.3,1.3,1.22,1.22,13100,1.22
20120725,0,1.29,1.35,1.28,1.28,24700,1.28
20120724,0,1.28,1.38,1.25,1.25,52600,1.25
20120723,0,1.41,1.41,1.24,1.3,83400,1.3
20120720,0,1.42,1.46,1.4,1.43,28300,1.43
20120719,0,1.44,1.47,1.43,1.43,9200,1.43
20120718,0,1.47,1.52,1.44,1.44,22500,1.44
20120717,0,1.55,1.55,1.41,1.43,16700,1.43
20120716,0,1.52,1.6,1.5,1.54,9100,1.54
20120713,0,1.61,1.68,1.57,1.58,48200,1.58
20120712,0,1.44,1.65,1.44,1.56,46700,1.56
20120711,0,1.4,1.45,1.38,1.44,6800,1.44
20120710,0,1.47,1.48,1.38,1.41,7600,1.41
20120709,0,1.45,1.48,1.42,1.43,6900,1.43
20120706,0,1.4,1.51,1.37,1.47,42000,1.47
20120705,0,1.42,1.45,1.39,1.4,23200,1.4
20120703,0,1.38,1.5,1.38,1.43,26700,1.43
20120702,0,1.36,1.43,1.36,1.4,50700,1.4
20120629,0,1.37,1.42,1.37,1.37,19100,1.37
20120628,0,1.29,1.41,1.28,1.39,33800,1.39
20120627,0,1.42,1.48,1.4,1.44,26200,1.44
20120626,0,1.37,1.56,1.37,1.42,68900,1.42
20120625,0,1.4,1.44,1.37,1.39,8400,1.39
20120622,0,1.42,1.49,1.37,1.4,62500,1.4
20120621,0,1.43,1.43,1.37,1.38,19100,1.38
20120620,0,1.38,1.46,1.35,1.44,48400,1.44
20120619,0,1.34,1.45,1.34,1.37,80300,1.37
20120618,0,1.63,1.73,1.31,1.36,643500,1.36
20120615,0,1.3,1.37,1.18,1.21,66800,1.21
20120614,0,1.38,1.39,1.3,1.3,19100,1.3
20120613,0,1.43,1.45,1.39,1.4,7300,1.4
20120612,0,1.45,1.48,1.43,1.43,6100,1.43
20120611,0,1.48,1.48,1.45,1.45,2800,1.45
20120608,0,1.43,1.51,1.43,1.51,3200,1.51
20120607,0,1.54,1.54,1.45,1.45,11100,1.45
20120606,0,1.42,1.52,1.42,1.52,8000,1.52
20120605,0,1.46,1.46,1.39,1.41,4200,1.41
20120604,0,1.49,1.49,1.45,1.46,6200,1.46
20120601,0,1.51,1.51,1.47,1.5,3200,1.5
20120531,0,1.58,1.63,1.51,1.51,44900,1.51
20120530,0,1.64,1.64,1.63,1.64,2100,1.64
20120529,0,1.68,1.68,1.63,1.63,6600,1.63
20120525,0,1.65,1.66,1.62,1.66,4300,1.66
20120524,0,1.62,1.65,1.62,1.63,2800,1.63
20120523,0,1.58,1.77,1.56,1.62,42700,1.62
20120522,0,1.6,1.61,1.6,1.61,13700,1.61
20120521,0,1.64,1.66,1.52,1.61,19400,1.61
20120518,0,1.58,1.7,1.58,1.65,18000,1.65
20120517,0,1.54,1.56,1.54,1.56,13300,1.56
20120516,0,1.54,1.54,1.5,1.54,1800,1.54
20120515,0,1.6,1.62,1.52,1.54,11600,1.54
20120514,0,1.63,1.68,1.6,1.6,11000,1.6
20120511,0,1.73,1.73,1.62,1.68,13800,1.68
20120510,0,1.8,1.83,1.67,1.67,11000,1.67
20120509,0,1.8,1.86,1.8,1.8,9600,1.8
20120508,0,1.87,1.89,1.8,1.8,37800,1.8
20120507,0,1.85,1.92,1.85,1.9,11900,1.9
20120504,0,1.86,1.9,1.84,1.88,9600,1.88
20120503,0,1.97,1.97,1.84,1.87,14200,1.87
20120502,0,1.96,2,1.93,1.93,19000,1.93
20120501,0,2.05,2.05,1.94,1.94,38000,1.94
20120430,0,1.94,2.08,1.94,2.08,46200,2.08
20120427,0,1.97,1.97,1.94,1.94,6300,1.94
20120426,0,1.95,1.98,1.94,1.94,14900,1.94
20120425,0,1.94,1.98,1.93,1.95,13800,1.95
20120424,0,1.99,1.99,1.92,1.95,10400,1.95
20120423,0,1.99,1.99,1.92,1.96,8400,1.96
20120420,0,2.06,2.08,1.98,2.01,26300,2.01
20120419,0,1.96,2.08,1.9,2.02,54100,2.02
20120418,0,1.99,2.02,1.92,2.02,42500,2.02
20120417,0,2.05,2.1,1.81,1.96,328300,1.96
20120416,0,2.22,2.22,2.15,2.19,63000,2.19
20120413,0,2.21,2.28,2.12,2.22,36800,2.22
20120412,0,2.15,2.33,2.15,2.25,85000,2.25
20120411,0,2.13,2.16,2.11,2.11,11800,2.11
20120410,0,2.13,2.18,2.08,2.13,25900,2.13
20120409,0,2.29,2.29,2.1,2.14,77400,2.14
20120405,0,2.08,2.62,2.08,2.33,374300,2.33
20120404,0,2.13,2.13,2.01,2.03,27600,2.03
20120403,0,2.11,2.13,2.06,2.12,28000,2.12
20120402,0,2.29,2.29,2.08,2.17,100000,2.17
20120330,0,2.4,2.41,2.27,2.34,107600,2.34
20120329,0,2.47,2.47,2.4,2.44,103000,2.44
20120328,0,2.52,2.57,2.46,2.51,105100,2.51
20120327,0,2.56,2.6,2.52,2.57,18200,2.57
20120326,0,2.64,2.64,2.5,2.6,25700,2.6
20120323,0,2.55,2.64,2.52,2.64,60900,2.64
20120322,0,2.59,2.64,2.5,2.52,54800,2.52
20120321,0,2.56,2.62,2.55,2.55,18100,2.55
20120320,0,2.58,2.62,2.55,2.55,46300,2.55
20120319,0,2.76,2.78,2.62,2.62,41000,2.62
20120316,0,2.72,2.78,2.71,2.77,56600,2.77
20120315,0,2.62,2.75,2.57,2.72,47600,2.72
20120314,0,2.59,2.63,2.55,2.59,44500,2.59
20120313,0,2.63,2.66,2.58,2.58,37100,2.58
20120312,0,2.66,2.68,2.62,2.62,22400,2.62
20120309,0,2.56,2.74,2.56,2.62,42100,2.62
20120308,0,2.59,2.6,2.56,2.58,19000,2.58
20120307,0,2.63,2.63,2.54,2.58,41300,2.58
20120306,0,2.6,2.65,2.55,2.55,106100,2.55
20120305,0,2.62,2.71,2.61,2.61,82300,2.61
20120302,0,2.75,2.75,2.62,2.64,97700,2.64
20120301,0,2.9,2.91,2.75,2.76,55400,2.76
20120229,0,2.84,2.88,2.66,2.87,100500,2.87
20120228,0,2.69,2.88,2.69,2.85,208000,2.85
20120227,0,2.42,2.72,2.41,2.72,235500,2.72
20120224,0,2.44,2.51,2.36,2.4,40400,2.4
20120223,0,2.13,2.41,2.13,2.4,117800,2.4
20120222,0,2.16,2.18,2.15,2.15,8300,2.15
20120221,0,2.08,2.16,2.08,2.15,25300,2.15
20120217,0,2.13,2.14,2.07,2.07,19700,2.07
20120216,0,2.12,2.15,2.12,2.15,8700,2.15
20120215,0,2.16,2.22,2.14,2.14,14600,2.14
20120214,0,2.14,2.18,2.12,2.13,24400,2.13
20120213,0,2.14,2.17,2.12,2.17,24400,2.17
20120210,0,2.1,2.19,2.1,2.15,26100,2.15
20120209,0,2.11,2.15,2.09,2.14,42300,2.14
20120208,0,2.15,2.23,2.06,2.1,139400,2.1
20120207,0,2.13,2.15,2.02,2.15,93600,2.15
20120206,0,2.2,2.2,1.79,2.02,168300,2.02
20120203,0,2.4,2.4,2.18,2.24,74900,2.24
20120202,0,2.28,2.44,2.28,2.37,31400,2.37
20120201,0,2.15,2.25,2.12,2.25,34000,2.25
20120131,0,2.14,2.21,2.08,2.17,36200,2.17
20120130,0,2.3,2.33,2.15,2.17,39700,2.17
20120127,0,2.09,2.3,2.09,2.3,73900,2.3
20120126,0,2.14,2.14,2.06,2.1,65800,2.1
20120125,0,2.2,2.22,2.08,2.16,130800,2.16
20120124,0,2.16,2.25,2.11,2.2,59200,2.2
20120123,0,2.04,2.24,1.98,2.19,180700,2.19
20120120,0,1.98,2.09,1.94,2,111500,2
20120119,0,1.9,2.05,1.9,2,190700,2
20120118,0,1.92,1.96,1.87,1.88,45000,1.88
20120117,0,1.87,1.94,1.86,1.93,114100,1.93
20120113,0,1.92,1.92,1.78,1.82,38600,1.82
20120112,0,2.03,2.05,1.91,1.96,100600,1.96
20120111,0,1.83,2.03,1.8,2,373200,2
20120110,0,1.7,1.85,1.68,1.85,281600,1.85
20120109,0,1.6,1.74,1.6,1.7,114400,1.7
20120106,0,1.63,1.65,1.59,1.64,27900,1.64
20120105,0,1.7,1.7,1.64,1.65,44100,1.65
20120104,0,1.65,1.7,1.65,1.69,7300,1.69
20120103,0,1.56,1.69,1.56,1.69,42600,1.69
20111230,0,1.45,1.7,1.43,1.62,264200,1.62
20111229,0,1.51,1.51,1.45,1.49,117300,1.49
20111228,0,1.6,1.62,1.51,1.51,110700,1.51
20111227,0,1.65,1.69,1.61,1.64,77100,1.64
20111223,0,1.71,1.72,1.62,1.68,67200,1.68
20111222,0,1.72,1.75,1.7,1.71,45100,1.71
20111221,0,1.72,1.75,1.72,1.75,8100,1.75
20111220,0,1.7,1.74,1.7,1.7,44200,1.7
20111219,0,1.75,1.76,1.7,1.7,38800,1.7
20111216,0,1.75,1.76,1.73,1.74,54000,1.74
20111215,0,1.7,1.91,1.7,1.72,87300,1.72
20111214,0,1.83,1.84,1.7,1.7,77900,1.7
20111213,0,1.85,1.89,1.78,1.8,94400,1.8
20111212,0,1.8,1.88,1.78,1.88,31600,1.88
20111209,0,1.82,1.9,1.8,1.83,44000,1.83
20111208,0,1.84,1.88,1.8,1.88,15400,1.88
20111207,0,1.85,1.88,1.83,1.86,10300,1.86
20111206,0,1.88,1.9,1.82,1.83,65900,1.83
20111205,0,2,2.03,1.85,1.96,34500,1.96
20111202,0,2,2.03,1.96,2,40300,2
20111201,0,1.93,2,1.85,1.94,69700,1.94
20111130,0,1.93,2.02,1.91,1.98,88500,1.98
20111129,0,1.82,1.97,1.82,1.95,62900,1.95
20111128,0,1.76,1.88,1.75,1.81,84300,1.81
20111125,0,1.79,1.88,1.72,1.77,29600,1.77
20111123,0,1.94,1.94,1.75,1.83,41300,1.83
20111122,0,1.99,1.99,1.93,1.99,29000,1.99
20111121,0,1.98,2,1.91,1.92,58800,1.92
20111118,0,1.93,1.98,1.91,1.95,24500,1.95
20111117,0,2.01,2.03,1.91,1.94,43700,1.94
20111116,0,1.78,2.09,1.76,2,606800,2
20111115,0,1.85,1.86,1.79,1.83,74700,1.83
20111114,0,1.9,1.9,1.83,1.84,22200,1.84
20111111,0,1.9,1.96,1.85,1.88,24000,1.88
20111110,0,1.92,1.99,1.88,1.9,18100,1.9
20111109,0,1.98,1.99,1.93,1.96,20300,1.96
20111108,0,1.97,2.03,1.96,2,8000,2
20111107,0,2.01,2.01,1.95,1.96,12400,1.96
20111104,0,2.09,2.13,1.98,2.01,26700,2.01
20111103,0,1.95,2.14,1.94,2.13,106500,2.13
20111102,0,2.01,2.01,1.92,1.93,41500,1.93
20111101,0,1.97,2,1.9,1.95,26400,1.95
20111031,0,2,2.05,1.98,2.05,37200,2.05
20111028,0,2,2.06,2,2.05,63800,2.05
20111027,0,2,2.05,1.95,2.05,62900,2.05
20111026,0,1.98,2.15,1.91,1.91,21800,1.91
20111025,0,2.1,2.1,1.91,1.96,63500,1.96
20111024,0,1.7,2.23,1.7,2.15,358600,2.15
20111021,0,1.75,1.8,1.7,1.73,56500,1.73
20111020,0,1.75,1.82,1.71,1.75,33300,1.75
20111019,0,1.8,1.83,1.74,1.75,20900,1.75
20111018,0,1.74,1.98,1.74,1.79,24500,1.79
20111017,0,1.77,1.8,1.73,1.75,25700,1.75
20111014,0,1.97,1.99,1.75,1.75,75200,1.75
20111013,0,1.88,1.99,1.86,1.94,17500,1.94
20111012,0,1.86,2.11,1.8,1.95,106400,1.95
20111011,0,1.71,1.92,1.71,1.85,22600,1.85
20111010,0,1.8,1.89,1.7,1.7,28600,1.7
20111007,0,1.8,1.95,1.76,1.78,18100,1.78
20111006,0,1.82,1.95,1.73,1.77,69400,1.77
20111005,0,1.76,1.85,1.75,1.81,21100,1.81
20111004,0,1.82,1.83,1.71,1.75,65800,1.75
20111003,0,1.92,1.92,1.75,1.81,55900,1.81
20110930,0,2.05,2.06,1.9,1.98,82900,1.98
20110929,0,2.2,2.2,2.02,2.1,33000,2.1
20110928,0,2.2,2.22,2.16,2.16,10200,2.16
20110927,0,2.25,2.25,2.02,2.17,69400,2.17
20110926,0,2.49,2.49,2.21,2.31,27100,2.31
20110923,0,2.44,2.6,2.44,2.48,31200,2.48
20110922,0,2.42,2.45,2.31,2.45,37700,2.45
20110921,0,2.55,2.55,2.5,2.5,8700,2.5
20110920,0,2.66,2.66,2.5,2.57,12600,2.57
20110919,0,2.74,2.74,2.6,2.68,23100,2.68
20110916,0,2.56,2.81,2.4,2.79,56500,2.79
20110915,0,2.58,2.63,2.5,2.6,10800,2.6
20110914,0,2.55,2.62,2.55,2.56,13600,2.56
20110913,0,2.6,2.82,2.52,2.59,12700,2.59
20110912,0,2.52,2.6,2.52,2.57,7900,2.57
20110909,0,2.66,2.66,2.53,2.53,17000,2.53
20110908,0,2.75,2.75,2.63,2.64,6200,2.64
20110907,0,2.69,2.76,2.64,2.72,17600,2.72
20110906,0,2.59,2.72,2.53,2.65,41700,2.65
20110902,0,2.72,2.78,2.66,2.67,9200,2.67
20110901,0,2.78,2.79,2.72,2.77,7500,2.77
20110831,0,2.95,2.95,2.75,2.78,44400,2.78
20110830,0,2.8,2.85,2.76,2.82,35300,2.82
20110829,0,2.74,2.85,2.72,2.85,25800,2.85
20110826,0,2.66,2.73,2.5,2.66,34500,2.66
20110825,0,2.85,2.87,2.68,2.69,15800,2.69
20110824,0,2.92,2.93,2.79,2.81,17400,2.81
20110823,0,2.79,2.93,2.78,2.9,20800,2.9
20110822,0,2.96,2.96,2.78,2.78,41100,2.78
20110819,0,2.76,2.96,2.76,2.89,9400,2.89
20110818,0,2.79,2.85,2.64,2.78,63300,2.78
20110817,0,2.95,3.02,2.84,2.84,19800,2.84
20110816,0,3,3.05,2.96,2.99,23400,2.99
20110815,0,3,3.11,3,3.06,24200,3.06
20110812,0,3.03,3.08,3,3.04,36200,3.04
20110811,0,2.76,3.11,2.76,3.03,69800,3.03
20110810,0,2.56,2.81,2.44,2.79,82500,2.79
20110809,0,2.43,2.68,2.43,2.62,91600,2.62
20110808,0,2.48,2.6,2.35,2.4,183300,2.4
20110805,0,2.91,2.93,2.68,2.71,108100,2.71
20110804,0,3.04,3.04,2.88,2.91,34000,2.91
20110803,0,3.06,3.06,3,3.02,29700,3.02
20110802,0,3.19,3.19,3.05,3.08,19200,3.08
20110801,0,3.23,3.32,3.18,3.19,10100,3.19
20110729,0,3.15,3.22,3.15,3.2,15700,3.2
20110728,0,3.17,3.25,3.15,3.19,64600,3.19
20110727,0,3.3,3.3,3.15,3.17,55900,3.17
20110726,0,3.3,3.35,3.27,3.34,36400,3.34
20110725,0,3.35,3.37,3.33,3.35,58700,3.35
20110722,0,3.35,3.38,3.3,3.34,85300,3.34
20110721,0,3.35,3.38,3.31,3.33,44200,3.33
20110720,0,3.4,3.44,3.36,3.39,20500,3.39
20110719,0,3.36,3.42,3.36,3.38,24900,3.38
20110718,0,3.49,3.49,3.3,3.41,61000,3.41
20110715,0,3.5,3.57,3.47,3.49,55900,3.49
20110714,0,3.4,3.53,3.4,3.5,192800,3.5
20110713,0,3.16,3.47,3.16,3.37,108500,3.37
20110712,0,3.1,3.22,3.08,3.16,84600,3.16
20110711,0,3.33,3.44,3.21,3.33,44100,3.33
20110708,0,3.39,3.5,3.36,3.45,86600,3.45
20110707,0,3.45,3.65,3.45,3.58,78000,3.58
20110706,0,3.44,3.56,3.31,3.45,52100,3.45
20110705,0,3.45,3.47,3.3,3.3,43000,3.3
20110701,0,3.56,3.62,3.41,3.43,119800,3.43
20110630,0,3.49,3.6,3.35,3.59,169000,3.59
20110629,0,3.39,3.58,3.28,3.33,174600,3.33
20110628,0,3.25,3.38,3.24,3.33,58400,3.33
20110627,0,3.27,3.3,3.21,3.22,9600,3.22
20110624,0,3.28,3.31,3.23,3.24,30500,3.24
20110623,0,3.25,3.26,3.19,3.24,69100,3.24
20110622,0,3.41,3.41,3.24,3.29,50000,3.29
20110621,0,3.19,3.43,3.19,3.38,110400,3.38
20110620,0,3,3.35,2.75,3.19,329200,3.19
20110617,0,3.74,3.76,3.02,3.02,489200,3.02
20110616,0,4.1,4.11,3.87,3.96,88500,3.96
20110615,0,4.14,4.29,4.09,4.12,94900,4.12
20110614,0,4,4.27,3.95,4.14,112400,4.14
20110613,0,3.92,4,3.87,3.98,80900,3.98
20110610,0,3.84,4.02,3.83,3.9,64200,3.9
20110609,0,3.82,3.85,3.65,3.85,177600,3.85
20110608,0,4.1,4.1,3.87,3.89,83800,3.89
20110607,0,4.09,4.18,3.96,4.15,84200,4.15
20110606,0,4.48,4.48,4.11,4.19,87400,4.19
20110603,0,4.57,4.57,4.48,4.49,35100,4.49
20110602,0,4.66,4.66,4.54,4.59,70400,4.59
20110601,0,4.75,4.76,4.64,4.66,59400,4.66
20110531,0,4.75,4.81,4.7,4.76,32100,4.76
20110527,0,4.74,4.76,4.67,4.74,31700,4.74
20110526,0,4.71,4.8,4.66,4.72,36700,4.72
20110525,0,4.79,4.79,4.66,4.71,55100,4.71
20110524,0,4.75,4.79,4.7,4.77,26000,4.77
20110523,0,4.87,4.87,4.66,4.75,75100,4.75
20110520,0,4.92,4.92,4.86,4.89,29700,4.89
20110519,0,4.89,4.94,4.86,4.91,50800,4.91
20110518,0,4.75,4.95,4.75,4.91,67900,4.91
20110517,0,4.78,4.88,4.75,4.8,57800,4.8
20110516,0,5.05,5.16,4.79,4.81,94000,4.81
20110513,0,4.99,5.05,4.94,5.05,33300,5.05
20110512,0,5.03,5.06,4.98,5.01,90200,5.01
20110511,0,5.15,5.26,5.04,5.05,80800,5.05
20110510,0,5.23,5.27,5.08,5.18,107400,5.18
20110509,0,5.15,5.25,5.12,5.22,36900,5.22
20110506,0,5.19,5.3,5.09,5.15,87000,5.15
20110505,0,5.17,5.28,5.08,5.18,66300,5.18
20110504,0,5.25,5.28,5,5.18,115000,5.18
20110503,0,5.45,5.52,5.16,5.25,161500,5.25
20110502,0,5.63,5.71,5.45,5.52,136800,5.52
20110429,0,5.74,6,5.6,5.6,210000,5.6
20110428,0,5.71,5.9,5.62,5.72,149700,5.72
20110427,0,5.88,5.91,5.6,5.74,210600,5.74
20110426,0,6.01,6.17,5.77,5.88,465000,5.88
20110425,0,5.44,6.39,5.42,6.05,1570100,6.05
20110421,0,5.12,5.55,5.05,5.41,320800,5.41
20110420,0,5.35,5.54,5.05,5.07,187600,5.07
20110419,0,4.98,5.42,4.79,5.27,240000,5.27
20110418,0,4.82,5.09,4.67,4.94,83700,4.94
20110415,0,5,5,4.78,4.82,99800,4.82
20110414,0,4.55,5.05,4.55,4.98,225000,4.98
20110413,0,4.86,4.86,4.52,4.55,96800,4.55
20110412,0,5.02,5.02,4.79,4.82,60300,4.82
20110411,0,4.46,5.23,4.46,5.06,290600,5.06
20110408,0,4.39,4.48,4.39,4.46,58300,4.46
20110407,0,4.4,4.46,4.35,4.44,38700,4.44
20110406,0,4.3,4.44,4.3,4.42,29500,4.42
20110405,0,4.37,4.39,4.3,4.3,26500,4.3
20110404,0,4.35,4.48,4.33,4.39,36600,4.39
20110401,0,4.55,4.55,4.22,4.37,108900,4.37
20110331,0,4.37,4.55,4.32,4.55,150100,4.55
20110330,0,4.39,4.4,4.37,4.37,100100,4.37
20110329,0,4.47,4.47,4.35,4.37,92900,4.37
20110328,0,4.59,4.59,4.4,4.43,67500,4.43
20110325,0,4.58,4.72,4.36,4.56,217800,4.56
20110324,0,4.75,5,4.75,4.9,329600,4.9
20110323,0,4.68,4.74,4.65,4.71,56300,4.71
20110322,0,4.66,4.7,4.63,4.63,70300,4.63
20110321,0,4.75,4.83,4.64,4.66,78500,4.66
20110318,0,4.69,4.81,4.6,4.75,82000,4.75
20110317,0,4.61,4.7,4.48,4.69,159200,4.69
20110316,0,4.71,4.74,4.66,4.7,85100,4.7
20110315,0,4.84,4.95,4.7,4.71,106100,4.71
20110314,0,5.08,5.15,4.94,5,78400,5
20110311,0,5.1,5.14,5.07,5.1,22800,5.1
20110310,0,5.22,5.23,5.1,5.11,53300,5.11
20110309,0,5.15,5.32,5.15,5.28,96100,5.28
20110308,0,5.11,5.18,5.1,5.14,39900,5.14
20110307,0,5.2,5.26,5.1,5.11,38900,5.11
20110304,0,5.25,5.27,5.2,5.23,31500,5.23
20110303,0,5.35,5.37,5.23,5.24,46700,5.24
20110302,0,5.35,5.4,5.3,5.3,43400,5.3
20110301,0,5.41,5.5,5.3,5.35,85900,5.35
20110228,0,5.6,5.72,5.45,5.46,168100,5.46
20110225,0,5.47,5.72,5.46,5.6,362200,5.6
20110224,0,5.09,5.5,5.09,5.39,270000,5.39
20110223,0,5.18,5.2,5.07,5.1,136500,5.1
20110222,0,5.31,5.31,5.19,5.2,51300,5.2
20110218,0,5.49,5.49,5.35,5.35,83400,5.35
20110217,0,5.48,5.5,5.48,5.5,45600,5.5
20110216,0,5.53,5.55,5.41,5.48,63100,5.48
20110215,0,5.45,5.59,5.45,5.51,98100,5.51
20110214,0,5.61,5.67,5.4,5.5,81100,5.5
20110211,0,5.66,5.72,5.6,5.65,52900,5.65
20110210,0,5.68,5.8,5.63,5.66,102600,5.66
20110209,0,5.75,5.78,5.71,5.72,26200,5.72
20110208,0,5.94,5.94,5.78,5.78,54100,5.78
20110207,0,5.81,5.88,5.78,5.8,44900,5.8
20110204,0,5.85,5.86,5.76,5.79,25100,5.79
20110203,0,5.78,5.9,5.78,5.83,55600,5.83
20110202,0,5.68,5.82,5.68,5.81,36200,5.81
20110201,0,5.67,5.75,5.67,5.7,65800,5.7
20110131,0,5.7,5.72,5.65,5.69,45200,5.69
20110128,0,5.91,5.91,5.68,5.71,78800,5.71
20110127,0,5.92,5.93,5.81,5.89,22400,5.89
20110126,0,5.9,5.96,5.85,5.89,28600,5.89
20110125,0,5.89,5.92,5.8,5.89,42100,5.89
20110124,0,6.04,6.04,5.89,5.9,94400,5.9
20110121,0,6.06,6.13,6.01,6.04,73600,6.04
20110120,0,6.18,6.2,6.03,6.08,70700,6.08
20110119,0,6.3,6.36,6.2,6.21,59300,6.21
20110118,0,6.24,6.64,6.24,6.3,94000,6.3
20110114,0,6.2,6.3,6.2,6.28,95300,6.28
20110113,0,6.5,6.52,6.21,6.23,208000,6.23
20110112,0,6.76,6.8,6.53,6.53,112100,6.53
20110111,0,6.97,7.03,6.78,6.8,42100,6.8
20110110,0,7.01,7.09,6.8,6.9,49700,6.9
20110107,0,7.12,7.27,6.86,7,48600,7
20110106,0,6.75,7.25,6.75,7.06,87600,7.06
20110105,0,6.56,6.76,6.55,6.71,22600,6.71
20110104,0,6.65,6.67,6.58,6.62,15800,6.62
20110103,0,6.7,6.7,6.57,6.58,22000,6.58
20101231,0,6.66,6.73,6.53,6.53,69100,6.53
20101230,0,6.67,6.68,6.6,6.6,31100,6.6
20101229,0,6.62,6.65,6.59,6.64,20700,6.64
20101228,0,6.67,6.67,6.6,6.63,18700,6.63
20101227,0,6.66,6.7,6.62,6.69,19400,6.69
20101223,0,6.81,6.81,6.62,6.64,36100,6.64
20101222,0,6.84,6.85,6.66,6.79,38100,6.79
20101221,0,6.85,6.94,6.81,6.84,18600,6.84
20101220,0,7,7,6.8,6.87,37500,6.87
20101217,0,7.16,7.16,6.85,7.02,96300,7.02
20101216,0,7.09,7.16,7.08,7.14,25100,7.14
20101215,0,7.1,7.17,7.08,7.16,15000,7.16
20101214,0,7.15,7.21,7.08,7.16,14700,7.16
20101213,0,7.18,7.35,7.15,7.15,42200,7.15
20101210,0,7.11,7.21,7.08,7.16,24000,7.16
20101209,0,7.12,7.26,7.07,7.14,16100,7.14
20101208,0,7.18,7.2,7.02,7.12,20300,7.12
20101207,0,7.14,7.39,7.04,7.13,41800,7.13
20101206,0,7.34,7.35,6.99,7.14,111200,7.14
20101203,0,7.37,7.37,7.21,7.34,22400,7.34
20101202,0,7.47,7.48,7.17,7.38,49800,7.38
20101201,0,7.71,7.77,7.45,7.5,25000,7.5
20101130,0,7.98,8.03,7.37,7.54,38500,7.54
20101129,0,7.91,8.08,7.86,7.94,28700,7.94
20101126,0,7.8,8.08,7.76,8,19400,8
20101124,0,7.49,8.17,7.38,7.9,55100,7.9
20101123,0,7.61,7.61,7.32,7.46,34600,7.46
20101122,0,7.86,7.86,7.6,7.69,42700,7.69
20101119,0,8.03,8.07,7.84,7.9,14100,7.9
20101118,0,7.79,8.17,7.79,8.07,13300,8.07
20101117,0,8.23,8.24,7.92,8.19,27000,8.19
20101116,0,8.26,8.26,8.03,8.25,68100,8.25
20101115,0,8.3,8.3,8.19,8.25,40400,8.25
20101112,0,8.11,8.26,8.11,8.26,44100,8.26
20101111,0,8.38,8.41,8.26,8.3,9300,8.3
20101110,0,8.3,8.48,8.16,8.41,35400,8.41
20101109,0,8.4,8.41,8.3,8.33,18900,8.33
20101108,0,8.53,8.53,8.35,8.39,32300,8.39
20101105,0,8.59,8.59,8.37,8.51,35400,8.51
20101104,0,8.25,8.59,8.1,8.57,100000,8.57
20101103,0,8.32,8.42,8.15,8.21,15900,8.21
20101102,0,8.4,8.5,8.29,8.29,26000,8.29
20101101,0,8.33,8.48,8.3,8.45,39600,8.45
20101029,0,8.31,8.4,8.28,8.28,69400,8.28
20101028,0,8.38,8.38,8.21,8.35,38100,8.35
20101027,0,8.35,8.37,8.26,8.36,23400,8.36
20101026,0,8.31,8.37,8.19,8.35,26600,8.35
20101025,0,8.06,8.37,8.06,8.28,82600,8.28
20101022,0,7.99,8.13,7.9,8.12,26700,8.12
20101021,0,7.85,8.04,7.79,8.02,40400,8.02
20101020,0,8,8,7.76,7.85,23100,7.85
20101019,0,7.9,7.92,7.66,7.92,46600,7.92
20101018,0,7.93,7.99,7.81,7.98,52800,7.98
20101015,0,7.82,7.91,7.76,7.89,42800,7.89
20101014,0,7.84,7.96,7.67,7.81,34600,7.81
20101013,0,7.72,7.83,7.59,7.79,61000,7.79
20101012,0,7.79,8.06,7.63,7.63,83200,7.63
20101011,0,7.19,7.85,7.19,7.8,123300,7.8
20101008,0,7.15,7.16,7.1,7.15,37600,7.15
20101007,0,7.1,7.13,7.06,7.11,33600,7.11
20101006,0,7.06,7.11,7.06,7.08,76000,7.08
20101005,0,7.14,7.15,7.09,7.1,70800,7.1
20101004,0,7.1,7.13,7.08,7.12,54000,7.12
20101001,0,7.15,7.15,7.1,7.11,10600,7.11
20100930,0,7.06,7.13,7.06,7.1,51700,7.1
20100929,0,7.11,7.18,7.06,7.12,35400,7.12
20100928,0,7.09,7.13,7.04,7.1,17000,7.1
20100927,0,7.11,7.12,7.09,7.1,11100,7.1
20100924,0,7.17,7.17,7.1,7.1,26900,7.1
20100923,0,7.03,7.15,7.03,7.1,20000,7.1
20100922,0,7.1,7.11,7.07,7.1,22100,7.1
20100921,0,7.06,7.11,7.06,7.1,12100,7.1
20100920,0,7.12,7.16,7.08,7.11,18900,7.11
20100917,0,7.11,7.14,7.01,7.1,12500,7.1
20100916,0,7.11,7.13,7.06,7.11,9700,7.11
20100915,0,7.04,7.15,7,7.15,26600,7.15
20100914,0,7.11,7.14,7.05,7.05,7800,7.05
20100913,0,7.03,7.19,7.03,7.17,3800,7.17
20100910,0,7.06,7.14,7.03,7.06,8200,7.06
20100909,0,7.12,7.32,7.01,7.01,21600,7.01
20100908,0,7.12,7.21,7.01,7.08,12000,7.08
20100907,0,7.19,7.19,7.11,7.13,9200,7.13
20100903,0,7.28,7.28,7.12,7.19,9600,7.19
20100902,0,7.25,7.28,7.15,7.27,12200,7.27
20100901,0,7.16,7.36,7.16,7.27,24300,7.27
20100831,0,7.22,7.25,7.05,7.16,34600,7.16
20100830,0,7.35,7.38,7.22,7.26,25700,7.26
20100827,0,7.31,7.38,7.18,7.35,15600,7.35
20100826,0,7.45,7.5,7.21,7.22,22000,7.22
20100825,0,7.26,7.45,7.08,7.43,42500,7.43
20100824,0,7.39,7.42,7.25,7.35,44600,7.35
20100823,0,7.83,7.89,7.35,7.47,73600,7.47
20100820,0,8.14,8.19,7.74,7.98,96800,7.98
20100819,0,8.05,8.06,7.99,8.06,39000,8.06
20100818,0,8.08,8.08,8.03,8.05,25900,8.05
20100817,0,8.05,8.15,8,8.04,22400,8.04
20100816,0,7.99,8,7.9,8,43400,8
20100813,0,8,8.02,7.93,7.95,31500,7.95
20100812,0,7.97,8.03,7.94,8,20600,8
20100811,0,8.18,8.23,8,8,34300,8
20100810,0,7.95,8.28,7.95,8.17,154500,8.17
20100809,0,7.9,8.01,7.9,7.93,30200,7.93
20100806,0,7.79,7.9,7.76,7.9,12300,7.9
20100805,0,7.75,7.85,7.75,7.8,9300,7.8
20100804,0,7.84,7.87,7.83,7.86,11400,7.86
20100803,0,7.96,7.98,7.77,7.86,13700,7.86
20100802,0,7.99,8,7.88,7.99,26600,7.99
20100730,0,7.67,7.94,7.67,7.91,17400,7.91
20100729,0,7.97,7.97,7.61,7.84,22300,7.84
20100728,0,7.84,7.91,7.82,7.89,10100,7.89
20100727,0,7.95,8,7.6,7.89,18200,7.89
20100726,0,7.9,8,7.87,7.98,21900,7.98
20100723,0,7.9,7.94,7.76,7.87,20000,7.87
20100722,0,7.99,7.99,7.81,7.87,11100,7.87
20100721,0,8,8,7.85,7.85,40200,7.85
20100720,0,7.41,7.98,7.36,7.98,62500,7.98
20100719,0,7.55,7.55,7.3,7.38,45800,7.38
20100716,0,7.75,7.75,7.56,7.56,36300,7.56
20100715,0,7.83,7.83,7.7,7.76,28200,7.76
20100714,0,7.68,7.82,7.65,7.78,106900,7.78
20100713,0,7.54,7.63,7.49,7.63,56100,7.63
20100712,0,7.39,7.5,7.35,7.43,63900,7.43
20100709,0,7.03,7.59,7.03,7.38,84800,7.38
20100708,0,7.01,7.09,7.01,7.04,9400,7.04
20100707,0,6.96,7.08,6.96,6.98,16000,6.98
20100706,0,7.09,7.22,6.95,7.03,18800,7.03
20100702,0,7.17,7.26,6.9,7.01,33900,7.01
20100701,0,7.1,7.3,7.05,7.18,17600,7.18
20100630,0,6.87,7.89,6.86,7.1,118500,7.1
20100629,0,6.98,7.04,6.71,6.87,33000,6.87
20100628,0,7.29,7.36,7.08,7.08,8100,7.08
20100625,0,7.09,7.3,6.99,7.21,20200,7.21
20100624,0,7.01,7.08,7.01,7.06,37400,7.06
20100623,0,6.98,7.08,6.97,7.04,37000,7.04
20100622,0,7,7.08,6.94,6.96,19000,6.96
20100621,0,7.11,7.44,7,7.05,81400,7.05
20100618,0,7.12,7.19,7.07,7.18,44900,7.18
20100617,0,7.25,7.25,7.11,7.14,6800,7.14
20100616,0,7.12,7.29,7.1,7.26,24200,7.26
20100615,0,7.5,7.5,7.15,7.23,32800,7.23
20100614,0,7.18,7.75,7.05,7.4,115500,7.4
20100611,0,7.24,7.27,6.98,7.15,15500,7.15
20100610,0,7.29,7.3,7.12,7.3,29900,7.3
20100609,0,6.94,7.17,6.93,7.12,32800,7.12
20100608,0,6.97,7.13,6.82,7,35300,7
20100607,0,7.28,7.42,7,7.06,58100,7.06
20100604,0,7.68,7.98,7.14,7.29,204500,7.29
20100603,0,6.67,7.12,6.67,7.08,55900,7.08
20100602,0,6.94,6.94,6.69,6.69,11400,6.69
20100601,0,6.94,6.94,6.75,6.75,19000,6.75
20100528,0,6.95,7.15,6.74,7.13,43900,7.13
20100527,0,6.75,7.11,6.54,7.02,72800,7.02
20100526,0,6.53,6.92,6.53,6.58,21900,6.58
20100525,0,6.57,6.82,6.5,6.57,48700,6.57
20100524,0,6.35,7.14,6.35,6.8,93400,6.8
20100521,0,6.2,6.5,6.2,6.33,40800,6.33
20100520,0,6.4,6.49,6.22,6.25,60400,6.25
20100519,0,6.77,6.77,6.5,6.52,64900,6.52
20100518,0,6.93,6.97,6.8,6.83,20400,6.83
20100517,0,6.9,6.99,6.8,6.88,12700,6.88
20100514,0,6.95,6.96,6.81,6.93,14300,6.93
20100513,0,7.08,7.08,6.95,6.98,37200,6.98
20100512,0,7.02,7.08,7.01,7.08,11500,7.08
20100511,0,7.06,7.25,7.01,7.01,26200,7.01
20100510,0,7.25,7.25,7.03,7.11,29600,7.11
20100507,0,6.77,7.15,6.6,6.88,64700,6.88
20100506,0,7.14,7.2,6.65,6.82,112800,6.82
